9 40928 895 62
9 16352 511 58
9 32452 959 55
9 32536 959 55
9 32360 895 47
9 32584 1007 103
9 16352 511 55
9 28640 895 150
9 46960 767 31
9 48992 1021 63
9 28624 767 55
9 24544 767 101
9 28592 511 31
9 32480 1015 109
9 32560 1007 93
9 55264 1007 63
9 47072 991 63
9 40928 895 102
9 48944 1015 62
9 48992 1021 63
9 40928 895 143
9 55248 991 87
9 77744 895 47
9 73672 767 31
9 77792 991 62
9 16352 511 55
9 40928 895 61
9 16352 511 60
9 16352 511 99
9 32672 1021 115
9 31696 959 103
9 32368 959 61
9 32424 959 60
9 40928 895 105
9 40912 767 79
9 16352 511 86
9 28616 511 31
9 31688 895 79
9 48080 991 91
9 45008 895 89
9 48080 991 92
9 48728 895 31
9 48976 1019 93
9 47856 767 31
9 48864 1019 94
9 48836 991 79
9 48920 991 79
9 48976 1019 93
9 31712 991 109
9 28616 511 31
9 32584 1007 93
9 32552 991 91
9 40928 895 103
9 45024 959 106
9 48804 959 47
9 48932 991 55
9 53168 895 55
9 48096 1007 107
9 48080 991 103
9 48040 895 47
9 48808 991 59
9 56168 895 31
9 73696 959 92
9 80840 991 79
9 77792 991 103
9 77776 959 87
9 16352 511 58
9 31696 959 62
9 40928 895 62
9 16352 511 99
9 31712 991 114
9 32456 991 91
9 32648 1015 94
9 31472 511 30
9 32432 991 270
9 30632 511 30
9 32552 991 150
9 47984 895 57
9 48992 1021 107
9 24544 767 149
9 30688 959 113
9 32432 991 103
9 32480 1015 115
9 30688 959 271
9 32480 1015 157
9 55024 767 31
9 57032 1015 61
9 57056 1021 63
9 57160 1019 61
9 57040 1019 91
9 40928 895 150
9 40880 511 31
9 47024 895 55
9 40880 511 51
9 73696 959 92
9 73696 959 103
9 73648 767 53
9 80744 895 31
9 81584 1015 61
9 81508 959 31
9 81632 1021 62
9 80752 959 55
9 30672 895 87
9 31688 895 55
9 32560 1007 93
9 32656 1019 95
9 28592 511 31
9 31664 895 79
9 16352 511 86
9 16352 511 60
9 30664 767 83
9 32360 895 57
9 32584 1007 113
9 32344 767 31
9 32360 895 78
9 48976 1019 94
9 48740 895 31
9 48992 1021 94
9 47044 767 31
9 48964 1007 61
9 30688 959 277
9 32480 1015 279
9 28624 767 263
9 28592 511 75
9 32592 1015 279
9 28616 511 51
9 30664 767 83
9 32368 959 149
9 32480 1015 177
9 60360 1007 59
9 62432 1021 61
9 47024 895 79
9 45024 959 270
9 48048 959 142
9 59240 895 31
9 60368 1015 62
9 60360 1007 59
9 44912 511 30
9 48848 1015 107
9 48976 1019 94
9 61128 1019 59
9 48864 1019 155
9 48992 1021 271
9 62416 1019 87
9 77744 895 78
9 80744 895 31
9 77776 959 101
9 77768 895 54
9 81736 1019 87
9 28640 895 105
9 32584 1007 103
9 32608 1019 109
9 31712 991 155
9 32560 1007 151
9 53192 895 47
9 56272 1007 61
9 24544 767 149
9 28640 895 153
9 28592 511 75
9 32360 895 78
9 28616 511 51
9 30664 767 83
9 30632 511 30
9 32644 1007 151
9 32672 1021 158
9 53192 895 57
9 55024 767 31
9 56944 1007 61
9 57160 1019 61
9 32480 1015 116
9 32456 991 103
9 28624 767 263
9 31472 511 30
9 32480 1015 282
9 32592 1015 279
9 53192 895 78
9 59360 1015 103
9 56288 1015 151
9 57112 1007 79
9 55264 1007 271
9 62312 991 47
9 61040 1015 59
9 61124 1015 55
9 89040 1015 87
9 93104 1015 79
9 92912 991 47
9 93128 1015 55
9 94952 991 31
9 48080 991 143
9 55248 991 87
9 56272 1007 61
9 55264 1007 103
9 40880 511 31
9 44976 767 47
9 48864 1019 155
9 48936 1007 143
9 56936 991 55
9 57000 1007 59
9 53200 959 149
9 59312 991 60
9 56944 1007 87
9 57028 1007 79
9 40912 767 85
9 40912 767 85
9 45024 959 270
9 48080 991 92
9 48848 1015 93
9 48864 1019 94
9 40880 511 51
9 44912 511 30
9 48932 991 79
9 48992 1021 94
9 48968 1015 103
9 48992 1021 271
9 57056 1021 103
9 61208 1015 55
9 48864 1019 107
9 48840 1007 143
9 57008 1015 61
9 48992 1021 107
9 48096 1007 169
9 48048 959 142
9 49028 1015 143
9 55264 1007 113
9 55216 959 86
9 57124 1007 55
9 62432 1021 61
9 102368 1015 61
9 104368 1007 55
9 108392 991 31
9 104416 1019 87
9 105384 1007 47
9 73696 959 91
9 77744 895 47
9 77792 991 103
9 77776 959 101
9 77744 895 57
9 81688 1007 55
9 81712 1019 61
9 92008 959 31
9 92104 1007 55
9 80752 959 55
9 81736 1019 87
9 93128 1015 55
9 105368 991 31
9 80864 1015 103
9 81688 1007 55
9 81704 1015 59
9 88984 959 31
9 80840 991 79
9 80864 1015 151
9 81632 1021 91
9 108392 991 31
9 139216 959 55
9 139232 991 62
9 139216 959 86
9 139216 959 86
9 147032 991 31
9 145376 1015 62
9 145348 959 31
9 153328 959 31
9 147056 1015 55
9 153328 959 31
9 16352 511 79
9 24544 767 61
9 24544 767 87
9 31984 767 54
9 32368 959 150
9 32536 959 101
9 16352 511 60
9 32432 991 108
9 32464 1007 116
9 32196 895 85
9 32704 1022 117
9 32420 895 78
9 24544 767 91
9 28616 511 47
9 32644 1007 107
9 32578 959 79
9 32704 1022 111
9 57100 959 31
9 57220 1019 61
9 48964 1007 62
9 40880 511 47
9 48548 895 47
9 40904 511 75
9 49032 1019 107
9 56688 991 87
9 56752 1007 91
9 57136 1019 63
9 56776 1007 91
9 56936 991 59
9 57154 1007 55
9 57184 1022 63
9 73672 767 77
9 81520 1007 61
9 81616 1019 63
9 81602 991 47
9 81700 1007 79
9 77764 767 31
9 81560 991 55
9 24544 767 90
9 30672 895 61
9 24544 767 62
9 32648 1015 110
9 32580 991 103
9 32450 895 47
9 32704 1022 111
9 16352 511 142
9 32592 1015 115
9 32592 1015 157
9 32608 1019 158
9 16352 511 104
9 32704 1022 120
9 32524 767 30
9 32608 1019 199
9 30660 511 71
9 32704 1022 199
9 32088 511 29
9 48944 1015 107
9 47044 767 75
9 48788 895 46
9 49028 1015 106
9 24528 511 55
9 30688 959 167
9 24544 767 163
9 30688 959 169
9 31984 767 47
9 32480 1015 171
9 32200 959 143
9 30576 511 31
9 32368 959 143
9 32480 1015 171
9 24544 767 165
9 32356 767 51
9 32578 959 141
9 32704 1022 173
9 32404 767 45
9 31976 511 43
9 32088 511 29
9 56688 991 61
9 56744 991 59
9 57136 1019 63
9 56980 959 47
9 57218 1015 59
9 57232 1022 63
9 57220 1019 143
9 55248 991 91
9 56784 1015 63
9 40928 895 166
9 40880 511 47
9 56996 991 58
9 57220 1019 62
9 57106 959 31
9 57232 1022 63
9 48944 1015 107
9 48580 959 99
9 48788 895 46
9 49028 1015 106
9 56920 959 54
9 73696 959 108
9 81128 895 46
9 81256 959 78
9 79600 767 31
9 81136 959 55
9 16352 511 59
9 16352 511 141
9 16352 511 99
9 32224 1007 115
9 32480 1015 157
9 28616 511 31
9 32648 1015 94
9 32480 1015 110
9 45024 959 106
9 45008 895 60
9 44976 767 47
9 48608 1015 94
9 48816 1007 62
9 16352 511 60
9 32560 1007 115
9 32592 1015 117
9 32420 895 57
9 32644 1007 113
9 32704 1022 117
9 32404 767 31
9 32420 895 78
9 48964 1007 91
9 48930 959 47
9 32224 1007 177
9 32584 1007 155
9 30688 959 197
9 32176 959 151
9 32560 1007 157
9 32164 767 75
9 32644 1007 195
9 32704 1022 199
9 58864 767 31
9 59360 1015 155
9 60784 1007 61
9 60648 959 47
9 60840 1007 59
9 58864 767 45
9 59248 959 141
9 60760 959 47
9 62944 1022 61
9 61208 1015 59
9 61264 1022 61
9 61040 1015 143
9 64564 1007 31
9 48592 1007 107
9 48848 1015 107
9 48976 1019 94
9 48608 1015 167
9 59344 1007 91
9 59248 959 55
9 48608 1015 110
9 44996 511 43
9 48916 959 78
9 49028 1015 106
9 60868 1007 59
9 62832 1015 87
9 64564 1007 31
9 77776 959 143
9 77764 767 45
9 79812 895 53
9 81252 895 31
9 81730 1007 55
9 81760 1022 63
9 81712 1019 103
9 81760 1022 103
9 24544 767 90
9 24544 767 143
9 24544 767 149
9 28640 895 153
9 32648 1015 107
9 32656 1019 109
9 56800 1019 63
9 56944 1007 62
9 55144 767 31
9 57122 991 47
9 57184 1022 63
9 32480 1015 172
9 28616 511 46
9 32456 991 106
9 24544 767 112
9 28640 895 169
9 32194 767 45
9 32704 1022 173
9 32704 1022 120
9 28592 511 135
9 31984 767 83
9 32432 991 195
9 53168 895 141
9 53160 767 46
9 56936 991 59
9 57128 1015 62
9 55248 991 103
9 55264 1007 114
9 59288 895 46
9 56744 991 142
9 56776 1007 150
9 62914 1007 47
9 56944 1007 91
9 56944 1007 150
9 57184 1022 151
9 57136 1019 103
9 52976 511 43
9 57008 1015 106
9 57232 1022 103
9 64568 1015 47
9 85864 767 30
9 92104 1007 60
9 85928 895 47
9 85744 767 31
9 87984 991 87
9 89704 1007 55
9 89520 1015 87
9 85744 767 45
9 89824 1022 61
9 93784 1007 47
9 93424 1007 55
9 40880 511 31
9 44976 767 47
9 55264 1007 151
9 55216 959 79
9 59344 1007 61
9 40912 767 79
9 47072 991 107
9 53200 959 61
9 40912 767 147
9 48848 1015 155
9 53200 959 150
9 57156 1015 87
9 61028 991 47
9 40912 767 99
9 48848 1015 107
9 48976 1019 94
9 45024 959 169
9 44996 511 43
9 48916 959 78
9 49028 1015 106
9 53188 767 51
9 57136 1019 151
9 57184 1022 151
9 57008 1015 103
9 60648 959 47
9 60776 991 55
9 61040 1015 61
9 56728 959 78
9 57232 1022 103
9 61264 1022 61
9 40912 767 141
9 48968 1015 166
9 56920 959 54
9 57128 1015 143
9 62824 1007 55
9 54768 511 29
9 56560 959 141
9 62944 1022 61
9 64568 1015 47
9 102368 1015 62
9 102256 959 47
9 105828 991 31
9 108484 1007 47
9 102312 959 47
9 105712 1007 55
9 106148 1015 47
9 105880 1007 47
9 73696 959 91
9 79840 1007 63
9 77792 991 103
9 77768 895 47
9 85984 1007 91
9 79824 991 87
9 85984 1007 63
9 73680 895 101
9 81704 1015 61
9 79824 991 103
9 92068 959 31
9 102344 991 79
9 85960 959 55
9 73696 959 113
9 73668 511 29
9 81732 1015 61
9 81698 991 47
9 81760 1022 63
9 81136 959 79
9 81264 991 87
9 102312 959 47
9 102256 959 57
9 106148 1015 47
9 79840 1007 107
9 73640 511 43
9 73640 511 43
9 87976 959 57
9 89512 1007 59
9 89544 1015 61
9 73584 511 71
9 81760 1022 103
9 87792 895 53
9 87920 959 85
9 89824 1022 61
9 95472 1015 55
9 105840 1015 79
9 105928 1019 79
9 81704 1015 143
9 93588 991 31
9 77792 991 195
9 81512 991 79
9 81616 1019 151
9 93964 1007 31
9 108272 991 47
9 108496 1019 59
9 139232 991 62
9 139232 991 143
9 139232 991 62
9 139208 895 54
9 139120 767 31
9 145352 991 79
9 139204 767 30
9 139184 895 139
9 139120 767 51
9 147056 1015 59
9 147266 1015 47
9 151280 895 31
9 151472 991 79
9 151408 959 54
9 145264 959 47
9 145136 895 46
9 145264 959 78
9 153520 1007 79
9 153072 895 31
9 153328 959 47
9 155074 1007 31
9 155288 1015 47
9 145376 1015 62
9 143328 1007 106
9 147268 1019 55
9 157424 991 47
9 159064 1007 31
9 153496 959 31
9 157424 991 47
9 155284 1007 31
9 155080 1019 55
9 159064 1007 31
9 16352 511 59
9 24544 767 61
9 16352 511 99
9 32224 1007 115
9 32560 1007 94
9 31684 767 31
9 32644 1007 91
9 32104 767 31
9 32584 1007 151
9 32548 959 55
9 40928 895 105
9 16352 511 79
9 28640 895 91
9 16352 511 141
9 28640 895 153
9 48080 991 62
9 44976 767 47
9 49040 1021 63
9 48608 1015 94
9 24544 767 87
9 32224 1007 95
9 28616 511 31
9 32584 1007 93
9 32536 959 79
9 32648 1015 107
9 53104 767 31
9 56240 991 59
9 53216 991 63
9 48968 1015 62
9 48592 1007 63
9 40880 511 31
9 49040 1021 63
9 56240 991 59
9 77768 895 47
9 80864 1015 63
9 80848 1007 61
9 77792 991 103
9 16352 511 90
9 16352 511 143
9 32648 1015 158
9 32580 991 151
9 32194 767 31
9 32704 1022 159
9 32546 895 47
9 40928 895 107
9 16352 511 152
9 32408 895 86
9 31684 767 83
9 48908 895 75
9 32208 991 281
9 32592 1015 283
9 32200 959 113
9 32642 991 105
9 32704 1022 121
9 31640 511 31
9 32648 1015 283
9 31976 511 31
9 32368 959 113
9 56240 991 153
9 56560 959 89
9 57008 1015 107
9 57224 1021 107
9 48580 959 59
9 48728 895 47
9 48968 1015 107
9 56260 959 55
9 56784 1015 94
9 40904 511 54
9 48536 895 55
9 48788 895 47
9 49028 1015 107
9 56772 991 87
9 57026 991 55
9 40880 511 78
9 48048 959 106
9 48804 959 59
9 48914 895 51
9 56978 895 30
9 57232 1022 94
9 73696 959 156
9 73672 767 54
9 73680 895 149
9 81608 1015 62
9 80836 959 79
9 80834 895 31
9 80816 991 150
9 81136 959 86
9 81572 991 79
9 81632 1021 94
9 81698 991 78
9 81760 1022 94
9 81800 1021 151
9 81808 1022 151
9 16352 511 149
9 28592 511 54
9 31664 895 102
9 45024 959 156
9 48048 959 62
9 45008 895 105
9 44976 767 58
9 48068 895 57
9 48592 1007 109
9 32168 895 101
9 48368 895 60
9 48496 959 92
9 48552 959 90
9 48804 959 59
9 28616 511 135
9 32104 767 77
9 32584 1007 197
9 32200 959 275
9 32584 1007 281
9 31472 511 51
9 32368 959 275
9 28624 767 269
9 31696 959 197
9 31682 511 29
9 32704 1022 285
9 32672 1021 209
9 32312 511 29
9 32704 1022 209
9 32354 511 27
9 60144 959 141
9 60336 1007 153
9 61096 1015 143
9 63728 1015 61
9 63672 959 31
9 61124 1015 143
9 63700 959 31
9 60312 959 139
9 61320 1022 143
9 64176 1022 59
9 48488 895 78
9 48964 1007 103
9 48992 1021 110
9 47600 511 30
9 48592 1007 278
9 48968 1015 271
9 60144 959 58
9 60248 895 31
9 61040 1015 62
9 45008 895 270
9 48048 959 106
9 49026 1007 102
9 49056 1022 110
9 45008 895 275
9 44996 511 71
9 47600 511 31
9 48592 1007 279
9 49028 1015 271
9 60144 959 59
9 60368 1015 94
9 60308 895 31
9 60644 895 31
9 60868 1007 87
9 61122 1007 55
9 61152 1022 63
9 48548 895 83
9 48804 959 99
9 48344 511 39
9 60632 895 51
9 60760 959 83
9 61208 1015 90
9 47600 511 71
9 48368 895 263
9 48816 1007 291
9 48356 511 27
9 48440 511 27
9 63952 1022 87
9 64176 1022 59
9 80836 959 55
9 80624 895 54
9 80752 959 86
9 80836 959 85
9 81128 895 53
9 81256 959 85
9 81704 1015 92
9 81506 895 30
9 81760 1022 94
9 81124 767 29
9 81604 1007 149
9 80792 895 135
9 81208 767 29
9 81688 1007 149
9 28640 895 114
9 24528 511 86
9 32642 991 102
9 32704 1022 118
9 31712 991 198
9 32224 1007 283
9 28624 767 267
9 31640 511 30
9 32648 1015 282
9 32704 1022 283
9 32592 1015 199
9 28616 511 135
9 32704 1022 199
9 53216 991 156
9 56240 991 62
9 53192 895 141
9 57112 1007 61
9 57218 1015 59
9 57232 1022 63
9 56784 1015 94
9 56776 1007 92
9 57154 1007 79
9 32456 991 166
9 28616 511 57
9 32642 991 105
9 32704 1022 121
9 28616 511 78
9 32450 895 78
9 32104 767 83
9 32552 991 195
9 32672 1021 203
9 32396 511 27
9 56744 991 90
9 56996 991 59
9 57124 1007 61
9 52976 511 30
9 56048 895 78
9 61124 1015 59
9 61136 1021 62
9 56944 1007 103
9 57056 1021 107
9 57008 1015 107
9 60872 1015 103
9 56168 895 83
9 61028 991 55
9 61092 1007 59
9 53186 511 27
9 56258 895 75
9 61122 1007 58
9 56888 895 75
9 89544 1015 87
9 89000 991 86
9 89512 1007 87
9 89768 1015 61
9 92648 895 31
9 93128 1015 61
9 93602 991 31
9 89000 991 86
9 85954 767 29
9 85912 767 71
9 89992 1022 87
9 92888 895 30
9 93080 991 78
9 93416 991 78
9 93128 1015 143
9 96908 1015 31
9 45024 959 114
9 40912 767 101
9 48080 991 108
9 44996 511 30
9 48964 1007 92
9 45024 959 169
9 48496 959 90
9 48560 991 106
9 53200 959 153
9 48560 991 103
9 48608 1015 115
9 48968 1015 271
9 57112 1007 87
9 57128 1015 91
9 56752 1007 103
9 48964 1007 91
9 53200 959 153
9 48580 959 89
9 48752 991 165
9 48816 1007 169
9 48356 511 27
9 56996 991 147
9 57124 1007 149
9 57124 1007 87
9 60836 991 55
9 47600 511 30
9 48608 1015 282
9 56560 959 86
9 56944 1007 92
9 57168 1021 93
9 48592 1007 281
9 48552 959 267
9 56560 959 89
9 56232 959 147
9 56728 959 85
9 57232 1022 93
9 57000 1007 150
9 48036 767 51
9 48804 959 99
9 48020 511 27
9 49040 1021 282
9 56980 959 83
9 63908 1015 55
9 55784 511 39
9 56680 959 263
9 57184 1022 271
9 63848 1015 60
9 102368 1015 151
9 105712 1007 55
9 109040 991 47
9 102352 1007 92
9 102312 959 78
9 109032 959 31
9 102256 959 85
9 102320 991 101
9 109460 991 31
9 105704 991 54
9 110348 1015 31
9 106088 1015 79
9 105936 1021 87
9 105952 1022 87
9 106280 1021 79
9 112868 1015 31
9 80836 959 55
9 73696 959 113
9 73584 511 31
9 81256 959 55
9 81698 991 47
9 81760 1022 63
9 77792 991 271
9 81732 1015 87
9 102368 1015 63
9 102368 1015 63
9 102320 991 59
9 102248 895 31
9 77776 959 105
9 73584 511 31
9 81264 991 61
9 73640 511 31
9 81320 991 61
9 81604 1007 61
9 85960 959 87
9 77732 511 39
9 81508 959 83
9 81572 991 99
9 93604 1007 55
9 93794 991 31
9 102128 895 47
9 102256 959 79
9 102308 895 45
9 105700 959 31
9 105890 991 31
9 106258 1007 31
9 88816 959 55
9 89544 1015 87
9 73640 511 71
9 80808 959 99
9 80792 895 53
9 89008 1007 91
9 89040 1015 93
9 89512 1007 87
9 89768 1015 61
9 73640 511 71
9 80808 959 99
9 80834 895 51
9 88984 959 83
9 89992 1022 87
9 81632 1021 271
9 80360 511 27
9 81352 1007 275
9 96866 1015 31
9 105896 1015 79
9 105832 1007 79
9 106178 1015 47
9 106160 1021 59
9 106280 1021 79
9 77792 991 291
9 92912 991 55
9 80816 991 105
9 80848 1007 113
9 77768 895 263
9 93104 1015 61
9 93128 1015 87
9 109424 1015 79
9 110164 1007 31
9 109520 1021 59
9 109536 1022 59
9 112868 1015 31
9 143312 991 62
9 139216 959 143
9 143304 959 58
9 139232 991 151
9 146376 1007 59
9 151464 959 47
9 139216 959 90
9 139216 959 143
9 139204 767 31
9 143304 959 59
9 147234 1007 47
9 151408 959 55
9 151400 895 31
9 146776 959 31
9 146888 1015 59
9 146328 959 47
9 147138 1007 47
9 139176 767 51
9 147096 1007 58
9 147028 959 31
9 147152 1021 62
9 147336 1022 59
9 155048 1015 55
9 154088 895 30
9 154344 959 46
9 143328 1007 154
9 147056 1015 59
9 146384 1015 143
9 143312 991 150
9 146344 991 58
9 146888 1015 87
9 147096 1007 55
9 147112 1015 59
9 146672 991 79
9 146888 1015 87
9 143216 895 83
9 146288 991 86
9 146352 1007 90
9 146276 895 30
9 147280 1022 87
9 147280 1022 87
9 146912 1021 91
9 147236 1015 55
9 146648 895 30
9 146888 1015 90
9 147032 991 54
9 147152 1021 143
9 147168 1022 143
9 158576 1015 55
9 159124 1007 31
9 151520 1015 103
9 151504 1007 91
9 154562 991 31
9 154352 991 55
9 154536 1007 55
9 154468 959 31
9 154564 1007 55
9 158616 1007 47
9 155048 1015 55
9 155192 991 31
9 151496 991 147
9 154840 959 31
9 159128 1015 47
9 16352 511 60
9 32552 991 62
9 32644 1007 63
9 32552 991 62
9 32644 1007 63
9 16352 511 60
9 16352 511 142
9 32580 991 91
9 32656 1019 158
9 32164 767 31
9 32672 1021 158
9 24528 511 55
9 32200 959 62
9 40928 895 106
9 40912 767 59
9 31664 895 59
9 32168 895 58
9 30576 511 31
9 32608 1019 158
9 32208 991 271
9 31664 895 142
9 32644 1007 151
9 32672 1021 158
9 47044 767 31
9 48068 895 47
9 48488 895 47
9 31712 991 167
9 32224 1007 115
9 30688 959 271
9 32224 1007 157
9 24544 767 163
9 30688 959 169
9 30664 767 57
9 32672 1021 171
9 32672 1021 171
9 32584 1007 107
9 31696 959 165
9 32176 959 105
9 55264 1007 107
9 56776 1007 61
9 47048 895 58
9 48496 959 59
9 40880 511 46
9 48068 895 47
9 48580 959 55
9 57136 1019 62
9 81328 1007 61
9 80836 959 47
9 80752 959 55
9 80836 959 47
9 81256 959 47
9 16352 511 102
9 32432 991 114
9 32656 1019 118
9 32578 959 86
9 32704 1022 118
9 32424 959 62
9 32548 959 101
9 40928 895 108
9 16352 511 90
9 32408 895 58
9 32656 1019 120
9 31712 991 198
9 30632 511 31
9 32552 991 151
9 31472 511 31
9 32432 991 271
9 32432 991 156
9 32656 1019 199
9 32360 895 141
9 32584 1007 197
9 32704 1022 199
9 48080 991 108
9 48068 895 57
9 48728 895 47
9 48976 1019 109
9 24544 767 151
9 30688 959 115
9 32552 991 107
9 32584 1007 115
9 32584 1007 157
9 30660 511 31
9 32642 991 143
9 32704 1022 159
9 32368 959 153
9 32432 991 169
9 32536 959 143
9 32656 1019 173
9 24544 767 275
9 32656 1019 283
9 32584 1007 281
9 32704 1022 283
9 55264 1007 109
9 57028 1007 61
9 56944 1007 91
9 57154 1007 79
9 40904 511 47
9 56264 991 62
9 40880 511 47
9 55216 959 90
9 56984 991 59
9 57106 959 31
9 57232 1022 63
9 48804 959 58
9 56888 895 31
9 57112 1007 87
9 73696 959 94
9 73648 767 78
9 81676 959 31
9 81796 1019 61
9 80816 991 62
9 80836 959 55
9 81712 1019 63
9 79720 767 31
9 81730 1007 55
9 81760 1022 63
9 30640 767 60
9 32168 895 60
9 31696 959 156
9 16352 511 152
9 30688 959 293
9 31688 895 143
9 32200 959 151
9 32224 1007 284
9 32452 959 149
9 31640 511 30
9 32656 1019 284
9 31976 511 30
9 32656 1019 295
9 32672 1021 295
9 48592 1007 109
9 48068 895 57
9 49040 1021 109
9 48840 1007 154
9 49032 1019 155
9 32536 959 112
9 30660 511 53
9 32578 959 149
9 32704 1022 181
9 32452 959 270
9 31682 511 30
9 32704 1022 286
9 32312 511 30
9 47044 767 57
9 47044 767 78
9 48964 1007 108
9 48724 767 31
9 48914 895 75
9 31640 511 51
9 32656 1019 305
9 32704 1022 305
9 32396 511 39
9 31472 511 135
9 31984 767 263
9 30632 511 135
9 62184 959 139
9 62432 1021 155
9 63144 1019 143
9 63076 1007 141
9 63172 1019 143
9 64588 1007 47
9 64280 1021 59
9 65036 1021 47
9 64112 1021 143
9 61936 959 86
9 62416 1019 94
9 62884 1007 86
9 47600 511 46
9 48496 959 270
9 63250 1007 54
9 63280 1022 62
9 63826 959 30
9 63952 1022 62
9 63028 959 51
9 63256 1019 90
9 80792 895 54
9 80804 895 135
9 81796 1019 151
9 81328 1007 108
9 80808 959 142
9 81316 959 79
9 81808 1022 108
9 81760 1022 156
9 81460 767 39
9 30660 511 31
9 32644 1007 155
9 31984 767 57
9 32464 1007 177
9 31976 511 30
9 30640 767 263
9 31472 511 51
9 32432 991 291
9 56272 1007 107
9 55208 895 78
9 56048 895 57
9 56240 991 105
9 56552 895 47
9 56800 1019 109
9 32360 895 104
9 32340 511 29
9 30664 767 267
9 31682 511 43
9 32704 1022 299
9 32312 511 43
9 32354 511 39
9 55192 767 75
9 57112 1007 105
9 57168 1021 109
9 56930 895 45
9 57184 1022 109
9 31472 511 56
9 32432 991 296
9 31640 511 46
9 32656 1019 300
9 32402 511 27
9 32552 991 176
9 32164 767 57
9 32672 1021 184
9 56914 767 27
9 56024 511 27
9 56984 991 267
9 57232 1022 271
9 62168 895 51
9 62360 991 99
9 54768 511 71
9 56752 1007 195
9 62920 1019 103
9 62944 1022 103
9 62820 991 55
9 62884 1007 59
9 62348 895 43
9 63364 1022 59
9 64612 1019 55
9 57160 1019 291
9 63608 895 43
9 63832 1007 99
9 64624 1022 59
9 56532 511 23
9 64708 1022 55
9 88792 767 29
9 89800 1019 92
9 94960 1007 60
9 95176 1019 61
9 95200 1022 61
9 95128 1007 79
9 95890 1007 31
9 88552 767 30
9 89000 991 142
9 89508 991 79
9 89568 1021 94
9 89868 991 77
9 89928 1021 92
9 87970 767 39
9 89992 1022 143
9 95138 991 46
9 95200 1022 62
9 96916 1019 47
9 96688 1022 79
9 96616 1019 55
9 95176 1019 143
9 95200 1022 143
9 96706 1019 47
9 96440 991 46
9 96472 1007 54
9 96712 1022 55
9 96916 1019 47
9 96880 1022 55
9 97336 1019 47
9 47056 959 165
9 48080 991 166
9 48560 991 106
9 48592 1007 114
9 47056 959 270
9 48592 1007 156
9 55216 959 90
9 56260 959 55
9 47056 959 165
9 40880 511 135
9 49040 1021 167
9 48552 959 142
9 55216 959 149
9 56264 991 143
9 57000 1007 143
9 62872 1007 55
9 62896 1019 61
9 48780 767 43
9 48916 959 141
9 49040 1021 172
9 49056 1022 172
9 56980 959 57
9 55240 959 269
9 56264 991 165
9 62312 991 60
9 63272 1021 61
9 63280 1022 61
9 57224 1021 271
9 57232 1022 271
9 64140 1007 47
9 48780 767 43
9 56728 959 86
9 56984 991 90
9 40880 511 98
9 40880 511 140
9 48048 959 168
9 48496 959 112
9 48932 991 105
9 48992 1021 120
9 57232 1022 114
9 57232 1022 156
9 57136 1019 278
9 63672 959 46
9 63800 991 54
9 64112 1021 61
9 64076 991 46
9 64792 1022 55
9 65036 1021 47
9 105880 1007 55
9 105904 1019 61
9 103912 767 29
9 104392 1007 149
9 105952 1022 61
9 105704 991 78
9 105928 1019 87
9 104368 1007 102
9 104356 959 135
9 111076 959 30
9 106276 1019 55
9 104152 767 39
9 105876 991 53
9 106372 1022 55
9 112280 1021 47
9 112396 1019 31
9 73680 895 149
9 81320 991 59
9 87984 991 61
9 73696 959 195
9 87976 959 55
9 88808 895 31
9 89056 1019 93
9 89752 1007 55
9 89776 1019 61
9 81616 1019 151
9 94696 959 31
9 79816 959 105
9 81800 1021 107
9 87960 895 53
9 89992 1022 61
9 73668 511 71
9 80744 895 57
9 80836 959 99
9 81508 959 57
9 88996 959 83
9 89988 1021 87
9 81512 991 143
9 95032 959 31
9 95128 1007 55
9 95140 1007 55
9 95890 1007 31
9 104388 991 79
9 106082 991 31
9 88984 959 55
9 89026 959 53
9 88996 959 83
9 89508 991 85
9 73640 511 51
9 73584 511 53
9 80744 895 57
9 89490 895 29
9 89874 991 53
9 80360 511 39
9 81256 959 263
9 81512 991 267
9 96664 1019 55
9 96712 1022 55
9 97426 1019 31
9 104936 895 45
9 105704 991 57
9 106152 1019 59
9 106040 991 47
9 106096 1019 61
9 105188 895 43
9 105316 959 75
9 106180 1019 59
9 105828 991 77
9 95128 1007 55
9 95152 1019 61
9 94952 991 57
9 95200 1022 61
9 95176 1019 87
9 96652 1007 31
9 79728 895 263
9 81264 991 269
9 81736 1019 195
9 96024 1021 55
9 96040 1022 55
9 111472 1019 79
9 111568 1022 79
9 139216 959 90
9 139216 959 143
9 145360 1007 62
9 139232 991 154
9 139216 959 143
9 153544 1007 79
9 145304 895 46
9 139208 895 99
9 139204 767 51
9 147028 959 31
9 147152 1021 62
9 147108 1007 58
9 147168 1022 62
9 147332 1021 59
9 153540 991 55
9 153538 959 31
9 155410 1007 31
9 139184 895 147
9 146160 959 58
9 146370 959 46
9 146660 895 30
9 146852 991 78
9 147168 1022 62
9 139184 895 142
9 139120 767 54
9 147218 991 46
9 147280 1022 62
9 154472 991 78
9 154856 991 54
9 154852 959 31
9 155416 1019 79
9 155464 1022 79
9 146896 1019 103
9 145128 767 43
9 147144 1019 143
9 146288 991 142
9 146800 1007 90
9 147272 1021 143
9 147280 1022 143
9 147248 1021 143
9 147032 991 139
9 147280 1022 143
9 145300 767 39
9 160996 1007 31
9 160624 1019 55
9 160720 1022 55
9 161384 1021 47
9 155332 1019 55
9 160996 1007 31
9 153520 1007 143
9 154984 1007 55
9 154468 959 51
9 155460 1021 55
9 153496 959 135
9 153304 767 27
9 154840 959 51
9 161176 1019 47
9 32168 895 59
9 32200 959 92
9 32112 895 87
9 32608 1019 118
9 32196 895 79
9 32580 991 103
9 48932 991 59
9 48496 959 61
9 16352 511 104
9 32548 959 89
9 32672 1021 120
9 30672 895 269
9 31688 895 142
9 32200 959 150
9 32200 959 269
9 32608 1019 295
9 47056 959 153
9 47048 895 141
9 48548 895 47
9 48944 1015 155
9 49040 1021 155
9 28616 511 47
9 30664 767 79
9 30688 959 281
9 31712 991 177
9 32656 1019 283
9 32672 1021 283
9 32608 1019 199
9 32608 1019 283
9 28592 511 135
9 32672 1021 199
9 32176 959 275
9 32672 1021 283
9 59248 959 79
9 59360 1015 107
9 60312 959 47
9 58864 767 31
9 59312 991 143
9 60872 1015 61
9 60896 1021 63
9 60880 1019 91
9 48080 991 107
9 47048 895 99
9 49032 1019 107
9 59300 895 31
9 49028 1015 103
9 48944 1015 271
9 77792 991 108
9 77764 767 31
9 80804 895 31
9 80804 895 31
9 80368 767 31
9 80816 991 143
9 81360 1015 93
9 16352 511 90
9 28624 767 61
9 30664 767 89
9 32450 895 57
9 32704 1022 121
9 32524 767 31
9 32452 959 92
9 32642 991 92
9 28616 511 78
9 32450 895 78
9 48920 991 91
9 48932 991 90
9 48914 895 31
9 48962 991 60
9 16352 511 102
9 31696 959 113
9 32592 1015 117
9 32608 1019 118
9 32368 959 92
9 32480 1015 120
9 32546 895 54
9 31656 767 58
9 32536 959 92
9 32648 1015 120
9 32578 959 89
9 32704 1022 121
9 30672 895 277
9 31696 959 197
9 31682 511 29
9 32704 1022 285
9 31640 511 71
9 32408 895 263
9 48048 959 106
9 48802 895 46
9 49056 1022 110
9 48024 767 75
9 30688 959 279
9 28616 511 47
9 30664 767 79
9 30688 959 281
9 31712 991 177
9 31472 511 31
9 32480 1015 283
9 28616 511 83
9 31684 767 83
9 31640 511 31
9 32648 1015 283
9 60144 959 59
9 61124 1015 61
9 61090 991 47
9 61152 1022 63
9 62370 959 31
9 59248 959 89
9 59312 991 105
9 61040 1015 91
9 61016 991 79
9 61250 1015 79
9 61128 1019 91
9 64052 991 31
9 48080 991 94
9 48080 991 107
9 44912 511 31
9 48976 1019 95
9 59360 1015 94
9 60368 1015 63
9 48916 959 79
9 49028 1015 107
9 48072 959 150
9 59330 895 31
9 60356 991 59
9 45008 895 275
9 44996 511 71
9 48976 1019 279
9 48968 1015 278
9 61208 1015 87
9 61252 1019 87
9 49028 1015 271
9 47024 895 267
9 47984 895 147
9 62384 1015 91
9 62168 895 31
9 62408 1015 91
9 64052 991 31
9 77792 991 108
9 77768 895 55
9 80864 1015 94
9 77736 767 47
9 79784 895 55
9 77768 895 86
9 80834 895 31
9 80836 959 85
9 80792 895 53
9 80624 895 55
9 80816 991 103
9 79728 895 85
9 79768 767 31
9 80792 895 47
9 81736 1019 93
9 81760 1022 93
9 16352 511 90
9 16352 511 149
9 16352 511 143
9 32408 895 55
9 32648 1015 115
9 32432 991 155
9 32648 1015 157
9 32672 1021 159
9 28640 895 156
9 30688 959 116
9 32200 959 92
9 32480 1015 118
9 45008 895 62
9 48584 991 91
9 49028 1015 63
9 47072 991 157
9 49028 1015 63
9 32536 959 112
9 32200 959 196
9 32704 1022 204
9 31976 511 46
9 32088 511 71
9 32354 511 39
9 32396 511 39
9 47048 895 152
9 48472 767 75
9 48728 895 139
9 48738 767 43
9 48780 767 43
9 30660 511 53
9 32578 959 149
9 32704 1022 181
9 32344 767 83
9 32402 511 27
9 31976 511 51
9 32340 511 29
9 59336 991 153
9 59332 959 141
9 59224 767 31
9 61012 959 47
9 61250 1015 59
9 61264 1022 63
9 62696 991 59
9 62916 1015 61
9 62818 959 31
9 62944 1022 63
9 60760 959 57
9 61208 1015 143
9 61220 1015 143
9 61316 1021 143
9 44996 511 46
9 48836 991 106
9 48962 991 90
9 59288 895 54
9 61316 1021 62
9 61320 1022 62
9 48916 959 99
9 48356 511 39
9 60644 895 51
9 60772 959 83
9 60980 895 30
9 61220 1015 90
9 48584 991 195
9 63266 1015 55
9 81554 895 30
9 81808 1022 94
9 81128 895 54
9 81256 959 86
9 81732 1015 92
9 81760 1022 94
9 81676 959 53
9 81348 991 101
9 81732 1015 103
9 81512 991 143
9 81240 895 53
9 81314 895 45
9 30640 767 101
9 32152 767 77
9 32648 1015 201
9 32672 1021 203
9 30664 767 263
9 32648 1015 294
9 28624 767 269
9 28616 511 78
9 31712 991 208
9 30672 895 277
9 31688 895 150
9 32672 1021 209
9 31976 511 71
9 59120 895 78
9 60368 1015 107
9 62192 991 60
9 62408 1015 62
9 63152 1021 61
9 62696 991 79
9 63728 1015 61
9 63140 1015 79
9 30640 767 268
9 30576 511 84
9 31600 767 148
9 31640 511 46
9 32656 1019 300
9 28624 767 289
9 28592 511 146
9 31664 895 194
9 32704 1022 305
9 32088 511 71
9 59312 991 154
9 59888 895 58
9 59330 895 75
9 62402 991 57
9 63256 1019 61
9 63280 1022 61
9 62832 1015 92
9 62808 991 79
9 63856 1019 62
9 61912 767 29
9 62360 991 141
9 62920 1019 92
9 63952 1022 61
9 63298 1019 79
9 64274 1015 47
9 28616 511 98
9 28616 511 140
9 32456 991 200
9 30660 511 53
9 32196 895 149
9 31976 511 46
9 32356 767 135
9 61320 1022 106
9 63362 1021 60
9 63364 1022 61
9 64562 991 45
9 64624 1022 61
9 65042 1021 47
9 60872 1015 270
9 63704 991 78
9 63088 1019 103
9 64600 1019 79
9 63266 1015 99
9 63280 1022 103
9 64792 1022 79
9 61922 511 15
9 62944 1022 271
9 63842 991 135
9 63884 991 135
9 63944 1021 150
9 60242 511 15
9 61264 1022 271
9 64082 991 75
9 61232 1021 195
9 62132 511 15
9 63152 1021 270
9 64052 991 135
9 64112 1021 150
9 61136 1021 291
9 64148 1015 99
9 93128 1015 102
9 93992 1021 143
9 95200 1022 92
9 93976 1019 101
9 96600 1015 85
9 96616 1019 86
9 93364 767 23
9 93872 1021 150
9 44976 767 141
9 49040 1021 157
9 59312 991 92
9 59312 991 150
9 60836 991 55
9 47056 959 277
9 48072 959 150
9 48792 959 147
9 44996 511 71
9 49040 1021 279
9 59332 959 85
9 62888 1015 87
9 62432 1021 151
9 58352 511 29
9 59312 991 269
9 60328 991 142
9 60384 1019 156
9 61936 959 85
9 61096 1015 143
9 62888 1015 87
9 63728 1015 87
9 60312 959 58
9 61196 991 54
9 61320 1022 62
9 47600 511 51
9 48560 991 291
9 48020 511 39
9 49028 1015 291
9 63896 1015 59
9 62312 991 147
9 61912 767 29
9 62408 1015 153
9 62808 991 85
9 63952 1022 61
9 63256 1019 87
9 64276 1019 55
9 58352 511 30
9 59312 991 270
9 60368 1015 156
9 61936 959 86
9 59332 959 263
9 61208 1015 143
9 62896 1019 103
9 58856 511 39
9 60872 1015 165
9 62944 1022 103
9 60880 1019 271
9 60872 1015 270
9 44996 511 51
9 47044 767 83
9 48580 959 149
9 48836 991 153
9 44912 511 135
9 48752 991 195
9 48864 1019 202
9 58864 767 53
9 59248 959 149
9 60648 959 58
9 62764 767 23
9 63268 1019 149
9 64556 991 51
9 64680 1022 59
9 63176 1021 153
9 63364 1022 87
9 64612 1019 86
9 64624 1022 87
9 60620 511 15
9 64708 1022 79
9 48356 511 39
9 63080 1015 90
9 63088 1019 92
9 64612 1019 55
9 62944 1022 113
9 63280 1022 92
9 62764 767 23
9 63272 1021 150
9 64804 1022 55
9 62928 1021 277
9 62132 511 15
9 63152 1021 270
9 64148 1015 141
9 109508 1015 55
9 111332 991 31
9 108392 991 78
9 109032 959 46
9 109928 1015 55
9 111856 1019 55
9 112040 1021 55
9 112048 1022 55
9 109412 991 135
9 109536 1022 143
9 113036 1015 31
9 110360 1021 55
9 112880 1021 55
9 113048 1021 47
9 113064 1022 47
9 80816 991 103
9 80864 1015 115
9 80864 1015 157
9 77792 991 197
9 77792 991 281
9 80840 991 91
9 77768 895 263
9 81608 1015 103
9 80808 959 99
9 81800 1021 103
9 81632 1021 271
9 93152 1021 91
9 93616 1019 87
9 93848 1015 55
9 107504 895 31
9 108512 1021 61
9 109784 991 31
9 77744 895 267
9 77762 511 27
9 80834 895 75
9 79792 959 269
9 80752 959 149
9 80816 991 165
9 93092 991 57
9 77744 895 267
9 81712 1019 271
9 80360 511 39
9 81256 959 263
9 81760 1022 271
9 92648 895 51
9 93016 959 53
9 108436 959 31
9 109424 1015 59
9 109400 991 47
9 109512 1019 59
9 111080 991 47
9 111524 1015 47
9 77776 959 195
9 81512 991 143
9 81616 1019 167
9 81632 1021 167
9 92008 959 55
9 93640 1019 61
9 81452 511 15
9 93740 895 27
9 93988 1019 89
9 108434 895 27
9 110370 1019 47
9 110402 1021 47
9 112402 1019 31
9 112292 1021 47
9 81800 1021 291
9 96680 1021 59
9 81760 1022 197
9 81760 1022 281
9 111976 1019 79
9 145304 895 31
9 145376 1015 94
9 143312 991 103
9 143304 959 99
9 146372 991 55
9 146384 1015 91
9 143280 959 147
9 146400 1019 151
9 147140 1015 79
9 146672 991 79
9 146912 1021 91
9 156656 895 31
9 157640 1015 79
9 143268 767 43
9 145316 895 51
9 145264 959 86
9 145328 991 102
9 146370 959 46
9 143300 895 135
9 146324 895 30
9 146896 1019 103
9 146888 1015 102
9 159140 1015 47
9 143312 991 154
9 143304 959 142
9 145348 959 55
9 145352 991 90
9 147332 1021 90
9 146764 767 23
9 147272 1021 150
9 147332 1021 143
9 147336 1022 143
9 159122 991 30
9 146888 1015 102
9 147026 895 39
9 147280 1022 103
9 147168 1022 106
9 160216 959 71
9 160720 1022 79
9 162008 1015 47
9 160216 959 71
9 160664 1015 78
9 162242 1021 31
9 160472 991 31
9 157664 1021 143
9 159426 1019 47
9 160484 991 51
9 160708 1019 55
9 162388 1019 31
9 162452 1021 31
9 24544 767 165
9 28640 895 169
9 31664 895 143
9 32560 1007 157
9 30672 895 269
9 53188 767 31
9 55264 1007 109
9 24544 767 270
9 32200 959 103
9 32648 1015 110
9 31696 959 108
9 28616 511 47
9 32648 1015 110
9 32088 511 29
9 31640 511 43
9 32656 1019 297
9 56728 959 78
9 32224 1007 294
9 30660 511 71
9 31684 767 135
9 32164 767 75
9 32672 1021 202
9 32104 767 135
9 62824 1007 79
9 62384 1015 143
9 62916 1015 79
9 63844 1007 47
9 53200 959 150
9 56728 959 78
9 59288 895 46
9 56800 1019 167
9 57220 1019 143
9 56784 1015 271
9 62872 1007 55
9 62888 1015 59
9 57136 1019 151
9 57168 1021 151
9 85960 959 79
9 89056 1019 63
9 85864 767 30
9 92104 1007 60
9 85960 959 141
9 87972 895 31
9 89892 1015 55
9 92008 959 47
9 89008 1007 143
9 89880 1015 79
9 95128 1007 47
9 94696 959 31
9 92128 1019 103
9 31688 895 90
9 32354 511 27
9 32396 511 27
9 31600 767 86
9 32530 767 71
9 28624 767 149
9 28640 895 291
9 28624 767 267
9 30672 895 275
9 32608 1019 295
9 32360 895 147
9 32608 1019 209
9 32704 1022 209
9 59120 895 78
9 62384 1015 91
9 59284 767 29
9 60308 895 45
9 62404 1007 89
9 64268 1015 47
9 53200 959 151
9 56272 1007 94
9 55152 895 79
9 56272 1007 107
9 59248 959 59
9 56288 1015 167
9 57008 1015 107
9 57136 1019 94
9 53186 511 27
9 57218 1015 90
9 57232 1022 94
9 59330 895 51
9 63298 1019 55
9 56944 1007 151
9 63124 1007 55
9 63140 1015 59
9 63170 1015 55
9 57160 1019 271
9 57184 1022 271
9 63298 1019 55
9 85984 1007 108
9 85744 767 31
9 92128 1019 63
9 85936 959 101
9 85928 895 54
9 85864 767 31
9 85954 767 29
9 85912 767 71
9 89880 1015 87
9 92056 959 77
9 89986 1019 79
9 95080 1007 79
9 95842 1007 31
9 95884 1007 31
9 94948 959 31
9 95032 959 31
9 95128 1007 55
9 24528 511 86
9 28624 767 102
9 30640 767 60
9 30640 767 99
9 30688 959 198
9 30660 511 31
9 32644 1007 155
9 28592 511 54
9 30640 767 86
9 53168 895 60
9 55216 959 90
9 56784 1015 94
9 56776 1007 91
9 55264 1007 157
9 55216 959 143
9 32452 959 165
9 32194 767 53
9 32704 1022 181
9 32418 767 46
9 28592 511 146
9 32164 767 83
9 32672 1021 210
9 31976 511 51
9 32312 511 30
9 53168 895 152
9 56552 895 57
9 56680 959 89
9 57232 1022 156
9 28616 511 140
9 32704 1022 204
9 30632 511 56
9 32168 895 152
9 30632 511 135
9 32356 767 77
9 30576 511 84
9 32560 1007 208
9 32420 895 147
9 32672 1021 210
9 62832 1015 92
9 63140 1015 59
9 63152 1021 62
9 62796 895 29
9 63244 1007 57
9 63364 1022 59
9 63076 1007 141
9 63140 1015 142
9 63272 1021 143
9 63280 1022 143
9 56770 959 78
9 59330 895 46
9 53144 511 30
9 56980 959 78
9 57232 1022 94
9 59288 895 54
9 59332 959 99
9 57218 1015 143
9 62888 1015 62
9 62692 959 47
9 62914 1007 55
9 62944 1022 63
9 53168 895 163
9 55208 895 99
9 52976 511 46
9 57000 1007 106
9 56932 959 79
9 57056 1021 110
9 57124 1007 91
9 59248 959 102
9 57106 959 135
9 57232 1022 167
9 63250 1007 54
9 63280 1022 62
9 54768 511 71
9 56752 1007 195
9 62832 1015 103
9 87976 959 60
9 87976 959 86
9 88004 959 85
9 89768 1015 62
9 89316 895 31
9 89540 1007 87
9 89794 1007 55
9 89824 1022 63
9 85924 767 31
9 87976 959 86
9 89768 1015 143
9 87970 767 39
9 89992 1022 143
9 89892 1015 101
9 95652 1015 79
9 95906 1015 47
9 92080 1007 150
9 93604 1007 55
9 95464 1007 55
9 91876 767 39
9 95940 1021 55
9 32164 767 53
9 32672 1021 180
9 32168 895 90
9 32424 959 106
9 32408 895 99
9 31976 511 31
9 31684 767 83
9 56728 959 79
9 32536 959 165
9 32530 767 45
9 32164 767 57
9 32644 1007 177
9 32194 767 53
9 32704 1022 181
9 32524 767 51
9 32584 1007 297
9 31682 511 43
9 32704 1022 299
9 32164 767 78
9 32644 1007 198
9 32644 1007 282
9 31682 511 30
9 32704 1022 286
9 28616 511 98
9 31640 511 51
9 32536 959 275
9 53192 895 104
9 56216 895 57
9 56776 1007 108
9 56770 959 78
9 28624 767 289
9 31472 511 56
9 32464 1007 304
9 31472 511 135
9 31984 767 263
9 32088 511 71
9 61316 1021 153
9 63952 1022 92
9 64164 1019 142
9 64176 1022 143
9 64588 1007 77
9 64708 1022 79
9 64792 1022 79
9 53200 959 291
9 53192 895 267
9 52976 511 46
9 56552 895 78
9 57028 1007 103
9 57056 1021 110
9 59888 895 58
9 60360 1007 106
9 60648 959 58
9 52976 511 51
9 56048 895 99
9 56944 1007 271
9 57160 1019 271
9 63856 1019 62
9 63844 1007 55
9 61320 1022 106
9 56882 511 15
9 64780 1019 55
9 64804 1022 55
9 65042 1021 47
9 63698 895 39
9 63952 1022 103
9 64676 1021 59
9 64680 1022 59
9 64706 1021 55
9 85960 959 149
9 88816 959 60
9 89032 1007 92
9 85744 767 53
9 92656 959 79
9 93424 1007 61
9 93016 959 47
9 93640 1019 61
9 89992 1022 92
9 89644 767 23
9 96676 1019 79
9 96930 1019 47
9 97324 1007 31
9 96712 1022 79
9 96962 1021 47
9 93586 959 71
9 94082 1021 79
9 93004 767 23
9 93772 959 71
9 93896 1021 102
9 96920 1021 55
9 57040 1019 278
9 61104 1019 106
9 62404 1007 89
9 60312 959 139
9 61080 1007 142
9 57008 1015 195
9 58856 511 27
9 60648 959 139
9 62888 1015 90
9 62896 1019 92
9 55784 511 39
9 56800 1019 293
9 55216 959 275
9 63244 1007 78
9 56680 959 147
9 56800 1019 177
9 57128 1015 154
9 57136 1019 156
9 57232 1022 156
9 61208 1015 163
9 54768 511 71
9 55792 767 135
9 62896 1019 103
9 62824 1007 267
9 63832 1007 141
9 63952 1022 143
9 53188 767 135
9 56260 959 147
9 59332 959 99
9 61040 1015 106
9 58352 511 30
9 59360 1015 282
9 60144 959 142
9 62320 1007 92
9 58352 511 43
9 59248 959 267
9 60368 1015 169
9 62432 1021 107
9 61124 1015 143
9 63076 1007 79
9 61152 1022 169
9 63280 1022 92
9 57184 1022 293
9 63272 1021 105
9 62132 511 15
9 63140 1015 267
9 64176 1022 143
9 57168 1021 197
9 57168 1021 281
9 61252 1019 105
9 61256 1021 106
9 64612 1019 79
9 57232 1022 197
9 57232 1022 281
9 61320 1022 106
9 63952 1022 92
9 60620 511 15
9 64652 1015 78
9 64568 1015 99
9 115696 959 135
9 119524 1007 31
9 115696 959 135
9 116584 1007 78
9 123376 1019 47
9 119224 959 29
9 117992 1015 78
9 121016 1015 31
9 121060 1019 31
9 115684 767 23
9 116452 959 71
9 117604 1007 53
9 116536 959 71
9 116656 1019 101
9 123844 1022 31
9 120484 1022 31
9 124264 1022 31
9 85736 511 27
9 88808 895 75
9 93136 1019 103
9 93152 1021 103
9 93864 1019 59
9 95128 1007 55
9 95152 1019 61
9 89776 1019 103
9 89768 1015 143
9 92128 1019 271
9 95656 1019 79
9 95152 1019 87
9 95184 1021 87
9 116200 959 31
9 116656 1019 79
9 117976 1007 31
9 85984 1007 177
9 88936 959 79
9 89056 1019 109
9 92008 959 55
9 93988 1019 59
9 94018 1019 55
9 89026 959 135
9 85928 895 139
9 87976 959 99
9 89506 959 75
9 92066 895 43
9 89992 1022 143
9 96034 1019 47
9 93040 1007 143
9 92128 1019 271
9 95652 1015 79
9 93016 959 135
9 93128 1015 163
9 115696 959 47
9 116200 959 31
9 115688 895 43
9 116704 1022 59
9 117592 1007 47
9 119272 1007 47
9 85984 1007 177
9 87912 895 77
9 85960 959 267
9 89032 1007 105
9 92008 959 57
9 93784 1007 55
9 93800 1015 59
9 88032 1015 279
9 87024 511 29
9 88016 1007 277
9 88816 959 141
9 95088 1015 61
9 95074 959 71
9 95200 1022 103
9 93992 1021 143
9 96040 1022 79
9 116578 959 29
9 116704 1022 61
9 118324 1007 31
9 118370 1015 31
9 117704 1021 79
9 117712 1022 79
9 119714 1015 31
9 89928 1021 103
9 88536 511 23
9 89552 1019 277
9 96600 1015 55
9 89986 1019 101
9 89992 1022 103
9 88802 511 15
9 89824 1022 271
9 96908 1015 47
9 96930 1019 47
9 92792 511 15
9 93800 1015 267
9 96376 959 71
9 96488 1015 99
9 96624 1021 87
9 93616 1019 275
9 117880 959 29
9 117992 1015 57
9 117176 895 27
9 117432 959 43
9 118328 1015 47
9 121240 1022 31
9 93424 1007 267
9 92128 1019 291
9 93544 1007 147
9 95080 1007 99
9 93640 1019 269
9 96712 1022 79
9 95464 1007 263
9 96488 1015 141
9 93152 1021 195
9 92792 511 15
9 93808 1019 269
9 96872 1021 79
9 123632 1021 47
9 124264 1022 31
9 154344 959 46
9 154564 1007 55
9 154592 1021 62
9 153568 1019 151
9 153568 1019 151
9 154592 1021 143
9 160984 1007 31
9 153538 959 51
9 153496 959 135
9 153568 1019 151
9 153432 895 71
9 155416 1019 79
9 160600 1007 47
9 151400 895 46
9 152560 767 30
9 153328 959 78
9 154564 1007 55
9 154592 1021 62
9 153552 1015 103
9 157528 959 31
9 157640 1015 59
9 153442 767 23
9 155426 1015 54
9 153484 767 23
9 155524 1022 55
9 157538 895 27
9 157580 895 27
9 153442 767 23
9 154466 895 39
9 161332 1007 31
9 161378 1015 31
9 160712 1021 79
9 160720 1022 79
9 151396 767 39
9 154468 959 51
9 154576 1019 150
9 155332 1019 79
9 159332 1015 47
9 154514 895 27
9 155330 1015 78
9 159140 1015 78
9 159172 1019 79
9 159426 1019 47
9 154744 767 23
9 155240 1015 147
9 162904 1022 31
9 160496 1015 58
9 157552 1007 147
9 158616 1007 139
9 158664 1019 142
9 160184 895 27
9 160680 1019 58
9 161000 1015 78
9 160624 1019 86
9 45008 895 102
9 48944 1015 108
9 48992 1021 109
9 49028 1015 103
9 44976 767 139
9 48944 1015 155
9 59312 991 90
9 60356 991 55
9 53216 991 156
9 53168 895 141
9 40912 767 89
9 40880 511 47
9 53168 895 59
9 53216 991 156
9 49040 1021 167
9 44996 511 43
9 48964 1007 105
9 53188 767 51
9 44996 511 43
9 47044 767 75
9 60776 991 58
9 60868 1007 59
9 55236 895 77
9 57168 1021 93
9 59288 895 46
9 40904 511 75
9 47048 895 99
9 56288 1015 156
9 56752 1007 92
9 56776 1007 91
9 47600 511 43
9 48592 1007 291
9 63920 1021 59
9 63940 1019 55
9 54768 511 29
9 56776 1007 150
9 56800 1019 156
9 56784 1015 271
9 62832 1015 61
9 63268 1019 55
9 53216 991 291
9 59360 1015 271
9 60336 1007 143
9 53104 767 135
9 54768 511 29
9 56688 991 149
9 58864 767 45
9 59360 1015 169
9 61232 1021 143
9 63256 1019 79
9 60880 1019 103
9 102344 991 79
9 109508 1015 47
9 109924 1007 31
9 109040 991 47
9 109508 1015 47
9 109928 1015 47
9 40904 511 47
9 53192 895 59
9 40880 511 83
9 44976 767 99
9 48908 895 75
9 61122 1007 58
9 61314 1019 59
9 53216 991 198
9 55208 895 79
9 52976 511 31
9 56944 1007 93
9 59120 895 55
9 59312 991 103
9 48840 1007 154
9 47984 895 141
9 48968 1015 155
9 48976 1019 157
9 56048 895 57
9 56272 1007 113
9 55152 895 85
9 56944 1007 92
9 57040 1019 94
9 40928 895 292
9 40880 511 78
9 47024 895 102
9 57154 1007 89
9 57218 1015 90
9 57232 1022 94
9 48816 1007 291
9 48864 1019 294
9 63088 1019 91
9 64176 1022 59
9 63280 1022 87
9 57000 1007 150
9 57128 1015 151
9 57008 1015 271
9 62384 1015 103
9 55264 1007 281
9 60360 1007 143
9 53216 991 293
9 56240 991 151
9 59312 991 103
9 59360 1015 115
9 62404 1007 89
9 53160 767 135
9 57128 1015 151
9 61040 1015 153
9 61208 1015 143
9 63088 1019 91
9 61320 1022 143
9 52976 511 71
9 61104 1019 103
9 56152 767 71
9 64088 1015 79
9 102368 1015 94
9 102308 895 45
9 102128 895 53
9 102320 991 101
9 104168 895 31
9 104416 1019 93
9 105392 1015 87
9 110348 1015 31
9 109296 1007 55
9 108400 1007 86
9 110244 1019 47
9 40928 895 195
9 40912 767 101
9 40880 511 135
9 48816 1007 166
9 49040 1021 109
9 53168 895 147
9 48608 1015 158
9 49028 1015 151
9 60824 991 55
9 55208 895 78
9 56776 1007 92
9 52976 511 30
9 56996 991 79
9 57056 1021 94
9 59120 895 54
9 59312 991 102
9 40912 767 193
9 40880 511 98
9 48592 1007 201
9 55024 767 57
9 56752 1007 114
9 56784 1015 116
9 56738 895 51
9 48356 511 39
9 48440 511 39
9 62584 767 27
9 63064 1007 147
9 64568 1015 58
9 64596 1015 55
9 64708 1022 55
9 64792 1022 55
9 62824 1007 101
9 62888 1015 102
9 57168 1021 197
9 55248 991 197
9 53186 511 39
9 55234 767 71
9 52976 511 51
9 55024 767 83
9 62704 1007 91
9 63124 1007 79
9 63170 1015 79
9 61040 1015 165
9 56532 511 23
9 60628 767 39
9 61124 1015 163
9 57168 1021 197
9 102128 895 54
9 102320 991 102
9 104388 991 85
9 108484 1007 79
9 106148 1015 55
9 105924 1015 86
9 102292 767 39
9 106372 1022 55
9 110228 1015 47
9 108464 1015 143
9 109928 1015 55
9 109796 991 46
9 110018 1015 47
9 109880 991 46
9 109912 1007 54
9 109972 1007 47
9 110228 1015 47
9 45008 895 112
9 40880 511 57
9 45008 895 165
9 40880 511 78
9 48560 991 108
9 48592 1007 116
9 45008 895 270
9 44996 511 31
9 48068 895 79
9 53168 895 90
9 40904 511 54
9 45008 895 165
9 47600 511 31
9 48592 1007 279
9 44996 511 71
9 49040 1021 279
9 48360 767 75
9 48840 1007 195
9 59880 767 30
9 60360 1007 150
9 60868 1007 87
9 60896 1021 94
9 53216 991 293
9 56264 991 103
9 52976 511 31
9 56048 895 79
9 60656 991 61
9 56552 895 77
9 57056 1021 109
9 40880 511 140
9 49056 1022 172
9 44912 511 56
9 48920 991 106
9 48976 1019 120
9 48914 895 75
9 53168 895 152
9 44912 511 135
9 48976 1019 199
9 60272 991 150
9 60336 1007 154
9 53144 511 30
9 56216 895 78
9 61196 991 54
9 61320 1022 62
9 57112 1007 103
9 57136 1019 109
9 53186 511 39
9 57154 1007 101
9 57184 1022 109
9 48992 1021 297
9 63604 767 23
9 64112 1021 150
9 64564 1007 83
9 57184 1022 293
9 63698 895 39
9 63952 1022 103
9 64594 1007 53
9 64624 1022 61
9 56024 511 27
9 57040 1019 281
9 60120 767 43
9 61016 991 99
9 61256 1021 103
9 57232 1022 281
9 61264 1022 113
9 60242 511 15
9 61264 1022 271
9 64322 1021 79
9 61152 1022 169
9 64600 1019 89
9 105176 895 30
9 105424 1019 92
9 106072 1007 55
9 106096 1019 61
9 105928 1019 87
9 109400 991 47
9 106258 1007 53
9 106288 1022 61
9 106370 1021 55
9 105952 1022 92
9 110132 991 45
9 110192 1021 60
9 109412 991 135
9 109536 1022 143
9 49040 1021 177
9 48356 511 27
9 48344 511 39
9 62408 1015 150
9 62916 1015 87
9 63704 991 54
9 56228 895 135
9 57220 1019 151
9 62896 1019 103
9 48488 895 99
9 48944 1015 177
9 47600 511 46
9 48608 1015 298
9 47600 511 51
9 48560 991 291
9 63938 1015 58
9 63952 1022 62
9 56744 991 150
9 61928 895 47
9 62888 1015 62
9 47044 767 57
9 40912 767 193
9 46960 767 99
9 48080 991 200
9 48068 895 141
9 48836 991 153
9 55236 895 85
9 56164 767 31
9 57156 1015 93
9 63364 1022 87
9 63362 1021 60
9 63364 1022 61
9 57232 1022 197
9 56882 511 15
9 63026 895 39
9 63280 1022 103
9 57160 1019 291
9 62432 1021 169
9 63704 991 139
9 63944 1021 143
9 64112 1021 143
9 62944 1022 113
9 61922 511 15
9 62944 1022 271
9 63938 1015 141
9 62132 511 15
9 63140 1015 267
9 64176 1022 143
9 64568 1015 99
9 104292 895 71
9 105828 991 77
9 104152 767 39
9 106096 1019 143
9 111320 991 46
9 104338 767 23
9 105362 895 39
9 105952 1022 92
9 105698 895 39
9 105952 1022 103
9 106148 1015 141
9 111842 991 30
9 111524 1015 78
9 111556 1019 79
9 112274 1015 31
9 113764 1022 31
9 112868 1015 47
9 111856 1019 86
9 112880 1021 55
9 101360 511 27
9 102320 991 267
9 105440 1021 91
9 107504 895 51
9 105392 1015 143
9 111088 1007 55
9 102128 895 135
9 102368 1015 195
9 110024 1021 55
9 123368 1015 31
9 104360 991 99
9 104416 1019 113
9 105840 1015 149
9 101360 511 39
9 102368 1015 291
9 105328 1007 101
9 109928 1015 55
9 117712 1022 55
9 111088 1007 79
9 111568 1022 79
9 102344 991 267
9 108392 991 57
9 105200 991 141
9 117464 991 31
9 102242 511 15
9 106082 991 75
9 108386 895 39
9 118562 1021 31
9 109268 895 39
9 109508 1015 99
9 110164 1007 53
9 110180 1015 57
9 107492 511 15
9 108484 1007 263
9 109536 1022 143
9 111332 991 75
9 111416 991 75
9 111448 1007 83
9 123704 1015 31
9 123812 1021 31
9 108248 895 43
9 108496 1019 105
9 106096 1019 143
9 111832 1007 47
9 102284 511 15
9 106124 991 75
9 106180 1019 89
9 108428 895 39
9 111844 1007 53
9 116674 1007 53
9 116704 1022 61
9 116644 1007 83
9 116704 1022 87
9 118156 1007 31
9 109688 895 39
9 109936 1019 101
9 124264 1022 31
9 121048 1019 31
9 106136 1015 147
9 119280 1015 85
9 104888 511 15
9 105896 1015 267
9 111032 895 39
9 111928 1007 53
9 121240 1022 31
9 167888 1015 90
9 167888 1015 143
9 169904 1015 59
9 167888 1015 143
9 169712 991 54
9 167408 895 51
9 169904 1015 142
9 169936 1019 143
9 171472 1022 55
9 173936 1015 58
9 171376 1019 79
9 169712 991 78
9 173912 991 31
9 171608 1015 54
9 171668 1015 47
9 173912 991 75
9 167764 767 23
9 167764 767 23
9 171632 1021 79
9 175700 1015 31
9 175892 1021 31
9 181988 991 30
9 182210 1015 31
9 182072 991 30
9 182164 1007 31
9 169936 1019 90
9 169936 1019 143
9 169952 1021 143
9 169444 767 23
9 169892 991 135
9 171460 1019 55
9 174018 1007 46
9 173540 895 27
9 174048 1022 59
9 171376 1019 86
9 182128 1019 55
9 177008 1021 47
9 177496 1019 31
9 176624 1015 78
9 177072 1022 47
9 169444 767 23
9 169952 1021 150
9 170468 895 39
9 170856 1007 139
9 177604 1022 31
9 185584 1022 31
9 181232 991 135
9 181744 1007 83
9 181232 991 135
9 181744 1007 83
9 185584 1022 31
9 77776 959 102
9 80864 1015 108
9 81700 1007 79
9 85984 1007 113
9 85936 959 86
9 79824 991 103
9 80816 991 143
9 80864 1015 155
9 87984 991 87
9 89008 1007 61
9 85984 1007 271
9 93032 991 47
9 104344 959 31
9 77792 991 166
9 85936 959 59
9 73668 511 29
9 77764 767 45
9 81328 1007 105
9 81256 959 78
9 81376 1019 108
9 85936 959 147
9 85864 767 30
9 73640 511 43
9 73640 511 43
9 81376 1019 155
9 89448 991 55
9 89512 1007 59
9 89896 1019 59
9 87976 959 78
9 92104 1007 60
9 87920 959 85
9 87984 991 101
9 87976 959 78
9 89456 1007 87
9 93604 1007 47
9 102340 959 47
9 102256 959 57
9 105828 991 31
9 81360 1015 93
9 81376 1019 94
9 85936 959 86
9 73584 511 71
9 80368 767 45
9 80864 1015 169
9 81264 991 101
9 89904 1021 87
9 85968 991 269
9 89040 1015 103
9 102256 959 78
9 102368 1015 106
9 92128 1019 91
9 93104 1015 59
9 79824 991 275
9 95088 1015 79
9 93152 1021 143
9 109508 1015 47
9 109928 1015 47
9 104400 1015 87
9 104304 991 79
9 116644 1007 31
9 105840 1015 79
9 109508 1015 47
9 111088 1007 47
9 73696 959 156
9 73584 511 31
9 77680 767 47
9 77792 991 169
9 85960 959 59
9 87976 959 79
9 91888 959 55
9 89986 1019 79
9 93752 991 47
9 93784 1007 55
9 104368 1007 61
9 106258 1007 31
9 73672 767 83
9 77680 767 53
9 77776 959 269
9 80840 991 90
9 85960 959 86
9 73696 959 281
9 81698 991 78
9 81760 1022 94
9 85954 767 29
9 73640 511 71
9 81704 1015 103
9 81712 1019 271
9 89880 1015 87
9 89992 1022 87
9 88816 959 85
9 89000 991 86
9 92904 959 47
9 93032 991 55
9 89776 1019 103
9 89880 1015 87
9 89992 1022 87
9 102312 959 78
9 105392 1015 61
9 77792 991 291
9 79840 1007 278
9 80864 1015 156
9 81616 1019 151
9 93128 1015 59
9 93136 1019 61
9 79840 1007 281
9 80816 991 150
9 81688 1007 149
9 81704 1015 153
9 81808 1022 151
9 95144 1015 79
9 92912 991 141
9 94960 1007 86
9 95200 1022 87
9 109296 1007 58
9 109536 1022 59
9 110168 1015 47
9 104416 1019 91
9 108400 1007 55
9 115696 959 31
9 115696 959 31
9 102312 959 139
9 116674 1007 31
9 101360 511 27
9 102352 1007 275
9 105392 1015 90
9 109536 1022 59
9 118328 1015 31
9 105392 1015 143
9 73696 959 156
9 73672 767 83
9 73640 511 30
9 77736 767 46
9 79816 959 89
9 73696 959 195
9 81328 1007 92
9 79840 1007 167
9 89752 1007 55
9 89768 1015 59
9 88032 1015 94
9 89544 1015 87
9 93416 991 47
9 102352 1007 62
9 102320 991 60
9 104356 959 31
9 81136 959 90
9 77762 511 27
9 81794 1015 90
9 81808 1022 94
9 85936 959 150
9 81704 1015 165
9 81250 767 39
9 81760 1022 167
9 89880 1015 149
9 89904 1021 151
9 89508 991 85
9 85736 511 39
9 89768 1015 102
9 89892 1015 87
9 93800 1015 60
9 89922 1015 86
9 93794 991 46
9 102120 767 43
9 105704 991 57
9 105896 1015 60
9 105826 959 30
9 105952 1022 62
9 92080 1007 150
9 92072 991 147
9 81572 991 147
9 81700 1007 149
9 81760 1022 156
9 93780 991 53
9 93844 1007 57
9 93800 1015 142
9 110180 1015 47
9 108392 991 139
9 108440 991 54
9 104296 959 83
9 104360 991 99
9 104386 959 75
9 116536 959 30
9 116632 1007 54
9 110180 1015 47
9 109912 1007 54
9 109928 1015 58
9 118356 1015 31
9 105704 991 139
9 105952 1022 143
9 111832 1007 47
9 112280 1021 47
9 120120 1015 31
9 73696 959 197
9 80836 959 79
9 81352 1007 92
9 81352 1007 103
9 81376 1019 109
9 73640 511 71
9 81800 1021 103
9 81632 1021 271
9 89512 1007 87
9 85984 1007 278
9 88816 959 79
9 89056 1019 94
9 88816 959 85
9 89000 991 86
9 89512 1007 87
9 102312 959 78
9 81736 1019 113
9 81264 991 269
9 81736 1019 271
9 81760 1022 271
9 88944 991 149
9 89008 1007 153
9 89896 1019 91
9 88984 959 78
9 93016 959 53
9 102232 767 29
9 105368 991 57
9 101872 767 45
9 102256 959 141
9 105928 1019 61
9 105952 1022 61
9 92912 991 147
9 93040 1007 149
9 93544 1007 86
9 81760 1022 197
9 93004 767 23
9 93964 1007 83
9 93992 1021 90
9 93640 1019 269
9 96712 1022 79
9 92792 511 15
9 93784 1007 263
9 96880 1022 79
9 109972 1007 77
9 102344 991 267
9 105704 991 78
9 109032 959 46
9 101360 511 39
9 102256 959 263
9 105200 991 99
9 106180 1019 79
9 117232 1007 55
9 117988 1007 31
9 102284 511 15
9 106372 1022 79
9 109452 959 43
9 102242 511 15
9 105826 959 71
9 105952 1022 103
9 110402 1021 47
9 117602 991 30
9 118156 1007 31
9 104888 511 15
9 105880 1007 263
9 113064 1022 47
9 121144 1019 31
9 81572 991 99
9 81632 1021 114
9 81796 1019 103
9 81572 991 141
9 81632 1021 156
9 80360 511 27
9 81376 1019 281
9 89320 959 83
9 89768 1015 90
9 89776 1019 92
9 89768 1015 143
9 105896 1015 59
9 105904 1019 61
9 105392 1015 143
9 73584 511 53
9 73640 511 46
9 81760 1022 114
9 81760 1022 156
9 89874 991 53
9 89986 1019 60
9 89992 1022 62
9 81256 959 99
9 81704 1015 106
9 81712 1019 108
9 81808 1022 108
9 89880 1015 149
9 89896 1019 150
9 87024 511 29
9 87984 991 269
9 89000 991 142
9 89056 1019 156
9 89056 1019 167
9 94696 959 47
9 95088 1015 61
9 89026 959 135
9 95138 991 46
9 95200 1022 62
9 89992 1022 143
9 96034 1019 47
9 88536 511 23
9 89496 991 263
9 96600 1015 55
9 96706 1019 47
9 104944 959 57
9 104416 1019 107
9 105840 1015 61
9 104386 959 75
9 105890 991 46
9 105952 1022 62
9 104920 767 27
9 105368 991 139
9 105928 1019 90
9 73584 511 53
9 73668 511 71
9 81732 1015 103
9 80864 1015 172
9 80836 959 141
9 88032 1015 116
9 88816 959 60
9 88004 959 85
9 89700 991 55
9 89796 1015 61
9 81760 1022 281
9 81452 511 15
9 89824 1022 113
9 89644 767 23
9 88802 511 15
9 89824 1022 271
9 96908 1015 47
9 96962 1021 47
9 106274 1015 57
9 106288 1022 61
9 106082 991 75
9 106274 1015 78
9 106124 991 75
9 106184 1021 90
9 106372 1022 79
9 95088 1015 149
9 95592 1015 86
9 96488 1015 58
9 96496 1019 60
9 95896 1019 86
9 111320 991 46
9 106096 1019 143
9 111984 1021 55
9 112216 1019 47
9 119280 1015 55
9 120036 1015 31
9 112024 1019 55
9 112048 1022 55
9 120484 1022 31
9 77732 511 39
9 79780 767 71
9 80360 511 27
9 81352 1007 275
9 91624 767 29
9 92104 1007 149
9 93608 1015 60
9 93604 1007 55
9 92128 1019 271
9 93128 1015 143
9 108016 959 77
9 110244 1019 47
9 110000 1021 79
9 112868 1015 31
9 80360 511 39
9 81376 1019 293
9 81712 1019 291
9 95088 1015 149
9 96600 1015 55
9 96712 1022 55
9 92080 1007 269
9 93096 1007 142
9 93016 959 135
9 93136 1019 165
9 95152 1019 102
9 96688 1022 79
9 109032 959 46
9 108464 1015 143
9 108376 959 75
9 108496 1019 105
9 109424 1015 142
9 80728 767 71
9 93016 959 53
9 93800 1015 60
9 93796 1007 55
9 96824 1015 57
9 95200 1022 92
9 95074 959 71
9 95200 1022 103
9 92792 511 15
9 93784 1007 263
9 96824 1015 78
9 109410 959 43
9 110178 1007 46
9 81736 1019 195
9 93992 1021 143
9 95656 1019 101
9 113764 1022 31
9 123736 1019 31
9 108496 1019 275
9 107492 511 15
9 108512 1021 270
9 109476 1007 139
9 111076 959 71
9 123844 1022 31
9 124264 1022 31
9 202648 1007 31
9 200432 991 47
9 201712 959 31
9 200656 1019 79
9 200560 1007 55
9 198640 767 39
9 202720 1022 55
9 205808 991 46
9 200176 959 75
9 214000 1007 31
9 200560 1007 55
9 200672 1021 59
9 200536 959 71
9 200648 1015 99
9 202472 991 75
9 202720 1022 79
9 213992 991 30
9 214952 1021 31
9 202216 959 30
9 198640 767 39
9 202704 1021 55
9 206320 1007 47
9 204388 1019 31
9 204484 1022 31
9 214888 1019 31
9 214984 1022 31
9 204376 1019 31
9 200624 1015 147
9 200612 991 75
9 200672 1021 90
9 200552 991 135
9 200672 1021 143
9 203240 991 51
9 203576 991 30
9 204568 1022 31
9 215792 1021 31
9 209776 1022 31
9 139232 991 106
9 139184 895 78
9 139232 991 165
9 145360 1007 61
9 145376 1015 103
9 139232 991 106
9 145360 1007 61
9 139184 895 139
9 154968 991 31
9 169456 959 31
9 139216 959 101
9 139232 991 270
9 146384 1015 61
9 146400 1019 62
9 151496 991 55
9 146888 1015 59
9 146896 1019 61
9 167888 1015 59
9 146864 1015 59
9 153544 1007 55
9 153568 1019 61
9 139216 959 267
9 145264 959 57
9 147248 1021 59
9 147268 1019 55
9 146912 1021 143
9 153544 1007 79
9 157664 1021 59
9 155056 1019 79
9 181744 1007 31
9 200644 1007 31
9 203248 1007 31
9 143216 895 47
9 151504 1007 61
9 139232 991 195
9 145316 895 45
9 153544 1007 89
9 155404 1007 31
9 143328 1007 166
9 145348 959 83
9 139208 895 78
9 143304 959 58
9 143280 959 60
9 138992 511 29
9 147112 1015 59
9 147120 1019 61
9 139160 511 27
9 147336 1022 59
9 146160 959 78
9 146288 991 86
9 147056 1015 87
9 147280 1022 87
9 147280 1022 87
9 170840 991 31
9 139216 959 149
9 147056 1015 59
9 153552 1015 87
9 154536 1007 58
9 154568 1015 60
9 144368 511 27
9 145360 1007 275
9 146160 959 139
9 147168 1022 143
9 161336 1015 31
9 169904 1015 79
9 153544 1007 79
9 151520 1015 151
9 158616 1007 47
9 153328 959 83
9 159384 1019 47
9 181232 991 31
9 200616 1007 47
9 200552 991 31
9 200656 1019 79
9 202648 1007 31
9 205808 991 31
9 206696 1015 31
9 143312 991 102
9 139216 959 149
9 145328 991 60
9 153552 1015 87
9 143312 991 143
9 143328 1007 154
9 167888 1015 59
9 169456 959 31
9 139216 959 112
9 138992 511 30
9 147140 1015 60
9 147168 1022 62
9 151472 991 90
9 151492 959 83
9 146864 1015 105
9 146836 959 75
9 171716 1021 47
9 138992 511 43
9 139160 511 39
9 146888 1015 102
9 153328 959 57
9 153520 1007 90
9 153552 1015 92
9 153496 959 53
9 139172 511 27
9 145316 895 51
9 147248 1021 143
9 146776 959 135
9 146888 1015 163
9 147280 1022 143
9 161364 1015 31
9 169448 895 43
9 169816 959 45
9 171800 1021 47
9 151504 1007 153
9 151464 959 139
9 159140 1015 47
9 157540 959 45
9 159524 1021 47
9 182000 1015 47
9 182104 1007 31
9 182216 1021 47
9 200432 991 47
9 200648 1015 55
9 200612 991 31
9 202704 1021 55
9 202720 1022 55
9 151472 991 60
9 143312 991 105
9 138992 511 29
9 147152 1021 61
9 151464 959 54
9 151472 991 89
9 154536 1007 55
9 154592 1021 61
9 154576 1019 87
9 146672 991 79
9 146912 1021 91
9 139216 959 112
9 139160 511 39
9 146776 959 53
9 147280 1022 61
9 151448 895 51
9 139172 511 27
9 146852 991 57
9 154472 991 57
9 143312 991 270
9 146852 991 78
9 146884 1007 86
9 146896 1019 103
9 159032 991 31
9 170904 1007 47
9 154096 959 83
9 154480 1007 89
9 155088 1021 87
9 155332 1019 55
9 155404 1007 53
9 155432 1021 60
9 155524 1022 55
9 146552 511 15
9 146132 511 15
9 147152 1021 270
9 162388 1019 31
9 162872 1021 31
9 171352 1007 77
9 171472 1022 79
9 171220 959 29
9 150512 511 27
9 151504 1007 275
9 154592 1021 91
9 158192 991 57
9 199664 895 30
9 200408 895 39
9 200536 959 71
9 204388 1019 31
9 204452 1021 31
9 207812 1021 31
9 208232 1021 31
9 139160 511 27
9 145304 895 51
9 144368 511 27
9 145328 991 267
9 146400 1019 154
9 147120 1019 143
9 147152 1021 143
9 170948 1015 47
9 139232 991 176
9 145320 959 58
9 146288 991 142
9 146776 959 135
9 146888 1015 163
9 147280 1022 143
9 160216 959 30
9 169904 1015 59
9 169832 991 47
9 169876 959 30
9 169448 895 43
9 169816 959 45
9 170840 991 46
9 139232 991 176
9 145348 959 57
9 138992 511 43
9 145264 959 99
9 138992 511 30
9 146384 1015 106
9 147140 1015 59
9 147152 1021 62
9 153456 991 86
9 153552 1015 92
9 154352 991 58
9 154468 959 31
9 154592 1021 62
9 145292 511 15
9 147212 991 135
9 147272 1021 150
9 160484 991 51
9 160676 1015 54
9 161420 1015 31
9 170852 991 75
9 171572 991 30
9 153552 1015 275
9 154472 991 139
9 155080 1019 149
9 154592 1021 165
9 153272 511 15
9 155192 991 135
9 155248 1019 149
9 160440 959 43
9 160568 991 51
9 185584 1022 31
9 202224 991 53
9 202216 959 30
9 202704 1021 55
9 204016 1019 47
9 204120 1015 31
9 203224 959 29
9 202216 959 71
9 202720 1022 79
9 202468 959 29
9 203576 991 30
9 204568 1022 31
9 204484 1022 31
9 209776 1022 31
9 157616 1015 60
9 157664 1021 61
9 146888 1015 90
9 146896 1019 92
9 162008 1015 31
9 146864 1015 105
9 146776 959 135
9 146896 1019 165
9 147224 1015 142
9 157528 959 51
9 144368 511 39
9 145376 1015 291
9 145904 895 135
9 146800 1007 149
9 160720 1022 55
9 162196 1019 31
9 173040 959 46
9 173928 1007 47
9 143300 895 135
9 144368 511 39
9 145264 959 263
9 146384 1015 165
9 156656 895 51
9 157552 1007 86
9 158448 1007 58
9 147168 1022 106
9 147280 1022 92
9 147152 1021 165
9 146132 511 15
9 147140 1015 267
9 147248 1021 153
9 162452 1021 31
9 173908 959 29
9 174020 1015 57
9 174048 1022 59
9 174020 1015 78
9 173908 959 29
9 174032 1021 60
9 175700 1015 31
9 175892 1021 31
9 177044 1015 31
9 177072 1022 47
9 146776 959 135
9 146896 1019 165
9 147272 1021 143
9 157528 959 51
9 147168 1022 106
9 145292 511 15
9 147336 1022 143
9 157580 895 27
9 146912 1021 195
9 146552 511 15
9 162904 1022 31
9 173540 895 27
9 173796 959 43
9 173880 959 43
9 177604 1022 31
9 156632 511 15
9 157648 1019 269
9 158616 1007 139
9 160216 959 71
9 188912 1021 31
9 207600 1019 47
9 208232 1021 31
9 153520 1007 101
9 154592 1021 143
9 151496 991 147
9 151504 1007 269
9 156656 895 45
9 157424 991 57
9 155336 1021 79
9 150512 511 27
9 151472 991 267
9 154480 1007 89
9 154472 991 78
9 156656 895 51
9 157544 991 54
9 157608 1007 58
9 153432 895 71
9 155464 1022 79
9 154576 1019 150
9 160720 1022 55
9 158192 991 139
9 151280 895 135
9 151520 1015 195
9 156632 511 15
9 157640 1015 267
9 158552 991 135
9 160720 1022 79
9 185192 1021 31
9 155080 1019 149
9 153272 511 15
9 155304 1019 142
9 160952 991 45
9 160984 1007 53
9 185584 1022 31
9 155288 1015 99
9 159140 1015 57
9 159152 1021 60
9 214952 1021 31
9 215792 1021 31
9 214984 1022 31
9 274400 1015 61
9 270256 959 57
9 274400 1015 61
9 274400 1015 143
9 276976 959 31
9 270304 1007 105
9 277928 1015 47
9 277928 1015 47
9 289264 1007 31
9 298928 1015 47
9 270304 1007 91
9 270184 767 29
9 276388 959 31
9 282568 1007 79
9 274400 1015 103
9 274288 959 83
9 274352 991 99
9 282520 959 31
9 270304 1007 103
9 270256 959 79
9 270248 895 75
9 277424 1015 59
9 274352 991 79
9 274400 1015 91
9 274160 895 51
9 274352 991 99
9 278128 1019 55
9 278168 1015 47
9 288664 1007 31
9 298960 1019 55
9 301928 1015 31
9 270288 991 87
9 270248 895 31
9 270304 1007 91
9 274352 991 55
9 282352 959 31
9 270064 767 31
9 274352 991 147
9 277928 1015 55
9 278072 991 31
9 274372 959 135
9 277956 1015 55
9 278100 991 31
9 274264 767 27
9 282352 959 53
9 282564 991 77
9 282456 895 29
9 270256 959 99
9 270232 767 29
9 270274 767 27
9 276376 959 75
9 275944 767 27
9 276424 1007 147
9 277984 1022 59
9 278320 1022 55
9 284136 895 29
9 284392 959 45
9 285928 1007 47
9 286146 1015 31
9 286376 1021 47
9 286376 1021 47
9 274376 991 141
9 276392 991 57
9 277744 1007 55
9 278180 1015 47
9 276336 991 85
9 276400 1007 89
9 276420 991 83
9 276324 895 29
9 288720 1021 55
9 288736 1022 55
9 298904 991 31
9 298736 991 47
9 298920 1007 47
9 298948 1007 47
9 270304 1007 93
9 270256 959 79
9 274384 1007 61
9 270280 959 55
9 274344 959 47
9 270256 959 141
9 274288 959 57
9 274384 1007 91
9 277442 991 31
9 274376 991 99
9 282532 959 31
9 282520 959 31
9 277960 1019 79
9 277410 959 43
9 277858 959 29
9 277984 1022 61
9 278402 1021 47
9 285592 1007 77
9 285880 959 29
9 274160 895 75
9 277232 991 57
9 277472 1021 61
9 278128 1019 79
9 276964 767 23
9 277412 991 135
9 277984 1022 87
9 278312 1021 79
9 278320 1022 79
9 277960 1019 89
9 278344 1022 55
9 290404 1019 31
9 290468 1021 31
9 298736 991 47
9 298960 1019 79
9 298916 991 51
9 301924 1007 31
9 298712 895 27
9 298904 991 75
9 302680 1019 31
9 270248 895 75
9 277936 1019 79
9 278168 1015 47
9 276448 1019 91
9 277960 1019 55
9 270248 895 47
9 270274 767 27
9 276324 895 29
9 270192 895 77
9 276968 895 43
9 277336 959 45
9 277984 1022 59
9 276336 991 79
9 276976 959 47
9 276448 1019 91
9 277956 1015 55
9 286146 1015 31
9 285640 1019 55
9 270064 767 31
9 276336 991 79
9 278068 959 29
9 278180 1015 57
9 278312 1021 79
9 278320 1022 79
9 277410 959 43
9 278344 1022 55
9 278402 1021 47
9 284578 959 29
9 286370 1015 31
9 277232 991 139
9 277472 1021 143
9 275944 767 27
9 276448 1019 153
9 276968 895 43
9 277960 1019 89
9 277472 1021 105
9 278072 991 75
9 278128 1019 89
9 278312 1021 79
9 293104 1022 31
9 292264 1022 31
9 301000 1019 55
9 301024 1022 55
9 300008 895 39
9 300776 991 51
9 300976 1019 79
9 301992 1019 47
9 277424 1015 59
9 273904 767 29
9 274400 1015 153
9 276208 959 53
9 276448 1019 91
9 278192 1021 55
9 289688 1015 31
9 290024 1015 31
9 278320 1022 55
9 288688 1019 55
9 288736 1022 55
9 290212 1019 31
9 274280 895 45
9 274160 895 75
9 275440 767 29
9 276208 959 77
9 277472 1021 61
9 288484 959 29
9 289730 1015 31
9 288568 959 29
9 288664 1007 53
9 290360 1015 31
9 290468 1021 31
9 274264 767 27
9 278128 1019 59
9 277924 1007 83
9 277984 1022 87
9 277954 1007 53
9 277984 1022 61
9 288232 959 71
9 288616 1007 77
9 290104 1007 31
9 290584 1022 31
9 307696 1019 31
9 305648 1015 47
9 306544 1022 31
9 285608 1015 47
9 288664 1007 31
9 282568 1007 79
9 290024 1015 31
9 282592 1019 91
9 284528 1007 85
9 284624 1019 87
9 285592 1007 47
9 288600 991 31
9 285616 1019 55
9 282544 1007 147
9 282576 1015 149
9 290136 1015 31
9 291736 1019 31
9 285544 1007 83
9 288488 991 75
9 288736 1022 79
9 291544 1007 31
9 282344 895 43
9 282568 1007 99
9 282568 1007 141
9 284136 895 29
9 284640 1021 61
9 282344 895 43
9 282592 1019 105
9 285928 1007 47
9 286312 1019 47
9 288616 1007 47
9 288712 1019 79
9 288736 1022 79
9 292264 1022 31
9 289736 1021 47
9 290392 1019 31
9 285936 1015 85
9 289520 1015 57
9 289688 1015 47
9 282424 767 23
9 290584 1022 31
9 293104 1022 31
9 313072 1019 31
9 313264 1022 31
9 304624 1007 31
9 298976 1021 79
9 298960 1019 55
9 298920 1007 47
9 305092 1019 31
9 296944 767 27
9 298480 959 51
9 302488 1019 31
9 312304 1007 31
9 304112 991 31
9 300776 991 51
9 300760 959 29
9 301024 1022 55
9 302744 1021 31
9 305072 1021 47
9 296944 767 27
9 298976 1021 59
9 302500 1019 31
9 313264 1022 31
9 298904 991 75
9 298960 1019 89
9 298928 1015 99
9 298928 1015 141
9 306544 1022 31
9 307696 1019 31
